time,x,y,z,phi,theta,psi,x_velocity,y_velocity,z_velocity,phi_velocity,theta_velocity,psi_velocity,rotor_speed1,rotor_speed2,rotor_speed3,rotor_speed4
0.06,-3.7036556368857405e-07,-5.420378348180164e-08,10.005047432041454,6.2831110345028325,0.000311023495951801,0.0,-3.1594956323353816e-05,-5.832893004693429e-06,0.16823713277414565,-0.0038365025130667873,0.013933751802201308,0.0,456.57851175744474,457.6885503307995,459.0958124028764,458.7913888761598
0.12000000000000001,-1.2436647953001928e-05,-2.916080597047435e-06,10.019482725283224,6.282947203151746,0.0010239640041058706,0.0,-0.00045511518174069635,-0.00011086629330310255,0.31291000738089353,-0.0006054144361990574,0.007426727567965334,0.0,451.5721743939284,451.0469394421108,450.3523151543691,450.6135959158545
0.18,-6.44181090535184e-05,-1.4901756199988922e-05,10.042300978614549,6.282884176785055,0.0019808928559088557,0.0,-0.0013568825521161965,-0.0002939520647247271,0.4476545445614616,-0.0019557600453945136,0.029083846747589407,0.0,445.6235268818887,447.38998989401745,449.36663002488643,449.2571956782601
0.23999999999999996,-0.00019751097763113907,-3.915325573416482e-05,10.073953830298498,6.294632200365413e-05,0.0033845210428689043,0.0,-0.003257820353100658,-0.0004968356662558761,0.607368249529426,0.018596164268468433,0.00847618063192733,0.0,456.53121106583956,454.88424727947717,454.8450843694677,456.4877267756763
0.3,-0.00045924512630371407,-6.383919419215962e-05,10.11170452385152,0.001194902887830196,0.004184593819808846,0.0,-0.005529195186371659,-0.00022077529509469736,0.6509637850018541,0.019400071594315806,0.021612929679776585,0.0,417.83177554643663,418.9752200975882,419.59346960170944,419.6632172068189
0.36000000000000004,-0.0008965373458094946,-4.339172747761281e-05,10.15696284699221,0.0024054505803992043,0.0051171468924744445,0.0,-0.009182836293643446,0.0010420576011158024,0.8575138206416127,0.02168365773487471,-0.0007743417929448153,0.0,471.3490155940418,469.6158611487142,469.34471341556633,469.52183970895993
0.4200000000000001,-0.0015379203359036136,6.592458818938838e-05,10.208388586820284,0.0032414746046471876,0.005419757445234374,0.0,-0.012209493191083538,0.0027020811768960736,0.8566777795098031,-0.009854774707939766,0.014687466188467063,0.0,404.19344071708986,405.58426412759763,405.3508335887513,402.50699944888873
0.48000000000000015,-0.002367555615005043,0.00028276146407673773,10.259529970333263,0.002902478143520071,0.006121396388948597,0.0,-0.015513747724061108,0.004486816306287021,0.8480412315269676,0.0016558523634561616,0.004910549307401383,0.0,403.0561762108466,402.1716143875331,400.3064457853771,401.3524667590132
0.5400000000000001,-0.0034244037011796407,0.0006115211467927932,10.313115109651333,0.003094452669343717,0.006678767049819179,0.0,-0.019758122406630267,0.006486442037224602,0.9380597707072746,0.0061210578978294905,0.016858011148816496,0.0,434.0900982299692,435.09128083351965,434.167164730817,434.5415264702079
0.6000000000000002,-0.004767047425886468,0.0010727745061930405,10.374558040871204,0.003187658658354131,0.008072389204556885,0.0,-0.025133725990762506,0.008916457705929961,1.1098855853707863,-0.00965715987857025,0.03362198397053587,0.0,459.4944009312667,460.8213268625393,460.5307614014147,459.2811933049498
0.6600000000000003,-0.006474531669825212,0.0016806093158557257,10.446945900259838,0.0030563252621513826,0.010934126295614632,0.0,-0.032073682350573965,0.011306518917922134,1.3028405285167897,0.009643972805631926,0.06671176566465552,0.0,465.15240454933405,467.73736164204837,466.2052657781272,467.71079122488095
0.7200000000000003,-0.008637189848732556,0.002423483758408016,10.52786220555048,0.003536202420331591,0.014928509275909718,0.0,-0.0404164444064988,0.013509137927953217,1.3942570168551647,0.0044839601794675246,0.06629430552151354,0.0,435.04675228389095,435.015207974138,436.9520231349099,436.52157338393465
0.7800000000000004,-0.011400098218882512,0.003311373817860613,10.615379204185937,0.003980584147349475,0.019488344581007233,0.0,-0.05213659130500741,0.016125062648203275,1.522805692751838,0.012690143544022967,0.09050806335301406,0.0,446.81977529264344,448.793580291224,447.4917447574608,448.15907803883437
0.8400000000000004,-0.014980814355387671,0.0043699211122214705,10.711171197216558,0.0047850462181120434,0.024689033214380984,0.0,-0.06779727785406132,0.019244314375316065,1.6700438428237951,0.014805491390428652,0.07764534879435664,0.0,454.34932755104563,453.3229808330801,453.9902518893195,454.15981431555167
0.9000000000000005,-0.0196498033003201,0.005640902282700274,10.817237350299575,0.00539272992957418,0.029325146037732175,0.0,-0.08836755184853617,0.023209537685982874,1.8651813225050267,-0.0014211245154195527,0.07650454985527168,0.0,468.4103755476486,468.32606255775545,469.9820680422112,468.7227023643082
0.9600000000000005,-0.02552643358550671,0.007135884712251468,10.930526158845415,0.0053855459681964035,0.033613187181875226,0.0,-0.10793759686244077,0.026618475320118413,1.9110224292006133,0.002363876592610059,0.0587819041709068,0.0,423.9929880688314,422.4718378592456,422.48840851674606,422.81460816627566
1.0200000000000005,-0.03277197812910179,0.00885437617826781,11.049965091064465,0.005497647123065441,0.037257863425806725,0.0,-0.13396861511740116,0.030677062181031663,2.0699853373715587,0.0008583375400594132,0.06440485234881595,0.0,459.08927119648763,459.5376694820723,458.46482513926173,458.3451566296506
1.0800000000000005,-0.0416153693837231,0.010813092460611767,11.177700556638449,0.006472008309171606,0.04097713718774454,0.0,-0.16120021243670643,0.03467683194041112,2.187627606745295,0.03644655576853949,0.056655975936791475,0.0,446.8460432017787,446.21667305809837,445.5591817425643,448.45910078721965
1.1400000000000006,-0.0521111330344429,0.013029622117614818,11.31107636418599,0.008553828455855061,0.04460031497251471,0.0,-0.18899690253034843,0.03941502120073885,2.258077002771175,0.030946616930968347,0.06695923761704316,0.0,432.16190617661726,433.03212807317436,432.2843669347021,431.82122431001693
1.2000000000000006,-0.06433600569367993,0.01556891591272643,11.448401994725012,0.01112269864544757,0.0484176099698157,0.0,-0.21887184287388092,0.04544642241135595,2.319298477201621,0.05966987522758278,0.05593741908449048,0.0,430.25239378924846,429.3213362625642,428.36855157000184,430.8050414207083
1.2600000000000007,-0.07854802466669708,0.018554757711335388,11.591892016864325,0.014500558742764014,0.05150917828174428,0.0,-0.25520003763175053,0.05445644797959174,2.4633757958511873,0.04852032474890361,0.04079691309502499,0.0,457.049539454149,455.84288530709284,456.17581491640027,455.28670799452607
1.3200000000000007,-0.09468776174745507,0.02206122354129544,11.737936803297693,0.01726533976076894,0.05388666408969289,0.0,-0.282988473904895,0.06265073398786783,2.4048914625703106,0.04068901687615841,0.03717158757118115,0.0,389.72604467771805,389.388084169379,390.8617294666418,390.13276654060877
1.3800000000000008,-0.1127966865523638,0.02618797868452424,11.88533021895195,0.019566612493871816,0.056295595132490384,0.0,-0.32086996868629536,0.07514686523376647,2.5079781067500386,0.03322223054830652,0.04552097458077645,0.0,443.96431706238053,444.64965001941823,443.7089567112686,443.09627057058907
1.4400000000000008,-0.13332300566452698,0.031142879888775715,12.040529798230239,0.021452015162764404,0.05865783568612848,0.0,-0.3636081667160916,0.09022331775882006,2.664959690373744,0.027559110318422418,0.02275449366523018,0.0,462.17451068788216,460.37736994268056,460.95084407042305,460.5034165702811
1.5000000000000009,-0.156708907909222,0.037134673187094784,12.209343844058928,0.023234311730582213,0.05983880008803588,0.0,-0.41604948298998756,0.10971237141607423,2.9614300229412733,0.033683388470108315,0.01269672122703928,0.0,502.9385033280203,502.2094498855441,501.6215540779018,502.0662396926617
1.560000000000001,-0.18294120746007103,0.04421541403784495,12.390463940220352,0.02528751026314069,0.060471120046064364,0.0,-0.4584181951006218,0.12651678737855634,3.075587415501732,0.03527189814417688,0.0058295697343978894,0.0,450.2684573904989,449.71243422189815,450.42491599792845,450.55383061258976
1.620000000000001,-0.21146642740331104,0.0522372054292771,12.574112262997192,0.027559263214500085,0.06101883479398129,0.0,-0.49246849872518983,0.14106000298476118,3.0460883169012756,0.04259565552236157,0.015022410392804764,0.0,404.0301138133318,404.85800230561983,403.08563109933044,403.7477981565592
1.680000000000001,-0.24242290480008863,0.06134308185825321,12.762133059952777,0.029789884059454153,0.06205631826412539,0.0,-0.539498322945743,0.16272910545875963,3.2207686648745217,0.0232113980841364,0.021481449193918895,0.0,468.18640304671464,468.68858453361696,470.6765948777437,469.17453202812743
1.740000000000001,-0.27601281494974916,0.07169195392232154,12.957195566755484,0.031160006889443537,0.06312473813467356,0.0,-0.5802730903459211,0.1823599906105625,3.2811208173851427,0.022072623603300905,0.0092020930057252,0.0,435.15410535290107,434.12489521613986,435.15591650842293,435.0606264110213
1.8000000000000012,-0.31223505578427546,0.08332778413481803,13.158506773659933,0.03264977226199406,0.06372578303453214,0.0,-0.6271751022344099,0.20564035758761146,3.428798391232348,0.029839655671965434,0.011600147421996759,0.0,462.4475229198736,462.6362544343111,462.16460432183516,462.7764626856203
1.8600000000000012,-0.35080106922162463,0.09614488706700068,13.361090988387875,0.03468274440095609,0.06437157719577691,0.0,-0.658432231901402,0.22174372847359003,3.3243040301657523,0.04094075134176291,0.009034582721008827,0.0,379.2317911244456,378.98515679063826,379.8367826749583,380.90064890790234
1.9200000000000013,-0.3915859969294673,0.11014043146117486,13.562558565291306,0.03720908265633405,0.06516601334860095,0.0,-0.7011243113858532,0.24500825203467835,3.391059195879995,0.04433856005538943,0.020547841367629816,0.0,436.7039436825662,437.6631760465714,438.08494868051844,438.36838053013577
1.9800000000000013,-0.43522495335866207,0.12574125116708024,13.772199258900006,0.040936002478301425,0.06607058431680013,0.0,-0.7536016553498345,0.2753848077427255,3.5962960827459916,0.08433009779842651,0.0009241285665809694,0.0,480.3462428721723,478.85564104253694,479.68764332540024,482.71719420350445
2.0400000000000014,-0.48204292510516683,0.14327005891243055,13.99433523608989,0.04618389005241319,0.06623727127594314,0.0,-0.8069724614296977,0.30948990215530414,3.807506591957548,0.09309065555846678,0.006249984771110426,0.0,483.72093250224754,484.12179254976604,482.6990416480585,483.3653664005271
2.1000000000000014,-0.5318041554367477,0.1627841863681193,14.225137961574589,0.0516442904608434,0.06635997192427112,0.0,-0.8517513643766236,0.34151283094114215,3.8856064051654347,0.08647741315681139,-0.008075853270859093,0.0,445.3255912469144,444.1521174421499,445.1188944494858,444.58425492257004
2.1600000000000015,-0.5842891364376178,0.18435563004004898,14.461157142414974,0.056479718671575974,0.06607127814755653,0.0,-0.8976960674353379,0.3780280994025597,3.9813240424837995,0.06497097860529838,0.0010268263881759864,0.0,449.5767452958508,450.31381731724827,452.84187193313886,451.1134202580159
2.2200000000000015,-0.6393234273988629,0.20803460549772362,14.69981179217145,0.060346948375550546,0.06648573084384957,0.0,-0.9368129394121965,0.4116045306469824,3.973817232258105,0.06339945557309606,0.016638342793887238,0.0,418.2817751628613,419.6391751130268,418.04404469732606,417.9104066501264
2.2800000000000016,-0.6970612842489725,0.23410766918341538,14.943120237088868,0.06448803130223268,0.06904141716163625,0.0,-0.9879747367352086,0.4579015550222532,4.1358140068490545,0.07837998344281544,0.0704074420116681,0.0,469.5275917121584,473.6816391784022,471.69902762559997,472.85779156170076
2.3400000000000016,-0.7576267760991446,0.262763637007611,15.191682796704168,0.06971550668455695,0.07360616496911287,0.0,-1.0312700161112902,0.4977350530489243,4.149460508639253,0.10051928302349021,0.08551472725634514,0.0,426.0465018150027,427.34109037553947,426.3747210225087,428.2685811622937
2.4000000000000017,-0.8208793354599954,0.2939099920076416,15.441087483946886,0.07596775883313,0.07867612150742787,0.0,-1.0776048351148135,0.5410154302988899,4.163858405347855,0.11070396824141808,0.08238829873613336,0.0,427.00904114825113,426.7483947220296,427.8797722665433,428.7558877963328
2.4600000000000017,-0.8873424341352044,0.328094201777735,15.69556020572163,0.08303357146812385,0.08373251927791259,0.0,-1.13834048220596,0.5991608523866773,4.317830071030901,0.12906250249691464,0.08779713909952125,0.0,471.3038562236226,471.72710373022915,471.06504758764964,472.4940350544635
2.520000000000002,-0.9575068985703026,0.3658691012012897,15.958556546530204,0.09091552478488207,0.08928010238239636,0.0,-1.2010134535116173,0.6607801674128726,4.4480237312899575,0.135610653269442,0.10044558053833104,0.0,465.6470797952031,466.6422889565326,465.6457305933595,466.17268532180185
2.580000000000002,-1.0312023001156159,0.407150928834469,16.225450221348847,0.09891918401070665,0.09526393308231373,0.0,-1.2560281216565201,0.7159721364368811,4.448247903579064,0.12855156286773403,0.0982617958311315,0.0,425.1382302238782,424.96011989172973,428.1012489000766,427.5172200671877
2.640000000000002,-1.1085670512862225,0.45215337278502765,16.49502025984244,0.10622359723106722,0.10081451490075644,0.0,-1.3233451868395936,0.7848154894344977,4.536850719151872,0.10246246268994212,0.07738270176700747,0.0,456.44607690006734,454.7834064680563,455.75286386784524,453.6752991714261
2.700000000000002,-1.1901702088031358,0.5015201341336244,16.770743131663426,0.11245381960493273,0.10525723187269165,0.0,-1.3971935252967955,0.8613188456711137,4.653228505768932,0.10645139269886221,0.0663625295406099,0.0,465.03579734104727,464.1756622518222,464.9654374548946,465.2867247620185
2.760000000000002,-1.2765999938223906,0.5559282734646127,17.05623240050121,0.11886948191860647,0.1088022635094541,0.0,-1.4841646312010968,0.9529178002453216,4.86195778867429,0.10786292518244404,0.03767721590093148,0.0,494.29363771406963,492.17684877548896,493.7964939331255,493.9093959901152
2.820000000000002,-1.367556144036111,0.6151397231888786,17.347219187920974,0.12515399679985162,0.11070615006817963,0.0,-1.547908365731603,1.0213248190150805,4.837535231427043,0.09763364182788395,0.015885013200206285,0.0,424.9853531556565,423.1134453960668,423.85240277484843,422.9823487801043
2.880000000000002,-1.46257539276265,0.6787896170742744,17.638545419089375,0.1305274675423327,0.11260734333675071,0.0,-1.6195384136809374,1.1008242303185056,4.873004195311922,0.0639876722860105,0.05225980597404185,0.0,441.6278570031296,444.61878514919783,445.2268528608271,442.4713847786706
2.940000000000002,-1.561892759851801,0.7472469255853068,17.93157782682402,0.1342358994608448,0.11564911612193818,0.0,-1.6913211004017676,1.1813855292709106,4.894465010506486,0.05704691341835172,0.047371027300220137,0.0,439.52804775700463,439.12429135723403,440.37292641304066,439.80111083719265
3.000000000000002,-1.6662602588911488,0.8213887423653542,18.231681264027653,0.13817373183010773,0.1188400845314126,0.0,-1.787853999655299,1.2902825289302413,5.107786801731226,0.07883495599146262,0.06281496602291627,0.0,497.1247635225996,498.25675305562584,498.48925682033746,500.08161804778246
3.0600000000000023,-1.7757080398206468,0.9012395501335096,18.53798171905541,0.1426984482427427,0.12277090956425063,0.0,-1.8607524656575674,1.371777836267377,5.1020294770585615,0.06749949719330077,0.07042608963768873,0.0,434.7075029600785,435.3481847279881,433.51815651259193,432.56906252355145
3.1200000000000023,-1.8899069584042127,0.9864000901368609,18.846321516642156,0.146702581630497,0.12697615990130373,0.0,-1.946258519827624,1.4672066358188853,5.17536418645834,0.06516295656243883,0.06940195854417844,0.0,458.90083775346136,458.8230984464282,460.6786175001811,460.4969440065477
3.1800000000000024,-2.009179745264078,1.077193547780303,19.157916244384747,0.1505298828803623,0.13112413014693391,0.0,-2.0298743400228734,1.5595254735756556,5.210702507983349,0.060888220808346966,0.06858937560970393,0.0,448.5142432710203,448.4518050028336,449.7791098642175,449.4356260820603
3.2400000000000024,-2.133552617804392,1.1735903435164194,19.471601247388154,0.15452523972698895,0.1356313988076865,0.0,-2.1162769093591915,1.6539758036137844,5.245026779751699,0.07606655908587545,0.08572988552253998,0.0,449.340323703307,450.7322142219999,448.6132096871282,449.84738599489344
3.3000000000000025,-2.2631386152862967,1.275652026957613,19.786853619076116,0.15875582569126312,0.14070547404323275,0.0,-2.203712057938908,1.7484033220222923,5.262990163421296,0.05607147764401135,0.08213806059306611,0.0,445.0244352718818,444.73612949832955,446.68632915752,445.0561407300093
3.3600000000000025,-2.3982674809655657,1.3836657121836522,20.104530842163776,0.16198237690441353,0.14537521166969913,0.0,-2.3010136167584347,1.8522519561777135,5.325631306001634,0.04873834878815787,0.06740859910866158,0.0,461.3323979505751,460.17220573348345,460.24289932172474,459.66383155218955
3.4200000000000026,-2.5397321326053106,1.4984046628173187,20.42863245124063,0.1647406734192538,0.14982662012641157,0.0,-2.4148402659962303,1.9724890110856859,5.4766625167669805,0.03976965233613936,0.08512970963635418,0.0,487.78258632221934,489.1080578136033,488.62701082787646,487.95885707920826
3.4800000000000026,-2.6873996282238153,1.6196089141599546,20.756974942683726,0.16767343814299362,0.1553408687191249,0.0,-2.5078839517681497,2.0678103577044324,5.467811205702994,0.06270884649096686,0.10283285606234645,0.0,440.0874793557701,441.55771608680686,440.5662096055808,442.46060421384055
3.5400000000000027,-2.8408472745166566,1.7466734914339082,21.085325232683513,0.1715208833101407,0.1612203098780176,0.0,-2.6075704623977867,2.16791385597358,5.476769011312295,0.06681290053558578,0.085935783076801,0.0,448.7248922106571,447.3588589152109,446.9948866493523,447.3322540306269
3.6000000000000028,-3.0007923134080827,1.8802291320217186,21.4166213895885,0.17640691952012322,0.1665217763509803,0.0,-2.724383961783833,2.284217457105184,5.565537620398954,0.10095076695881927,0.09280534769688643,0.0,472.8070174010574,473.3420295774977,472.6586755721508,475.28735407653886
3.660000000000003,-3.168283534480917,2.021294467721337,21.755638010359558,0.18234267231240686,0.1721748714651934,0.0,-2.8591285961169084,2.418358462015059,5.733567108534962,0.09454777884857733,0.09690218007431144,0.0,499.06802119419353,499.3734609827729,498.9528414142151,498.4923092350259
3.720000000000003,-3.343480848743079,2.1699890258733645,22.101770956435164,0.1882502612856145,0.17837492066695404,0.0,-2.9812967852159225,2.538500844568843,5.803272663375641,0.1053126321465371,0.11380736223816089,0.0,472.6407057688857,473.950519820985,471.36358329610033,472.2025817338406
3.780000000000003,-3.525110077622695,2.3249254360051714,22.44644296216992,0.19438700668443598,0.18505332692007848,0.0,-3.0735973264062513,2.626486646682496,5.685950797845636,0.09539830814252745,0.10577241149204406,0.0,413.45840177774534,412.76167520332405,413.76714682325814,412.90305029984216
3.840000000000003,-3.713415968200661,2.4862794441466063,22.789424530678563,0.1998566797042738,0.19177705590695293,0.0,-3.203821495051341,2.7523071745409156,5.745832079809655,0.08095559897323995,0.12234342386246466,0.0,470.10615810756707,471.39893829379565,472.38170625561565,471.2727991461346
3.900000000000003,-3.909690303671177,2.655279706337006,23.13599359784888,0.20520097586581265,0.19896716042531892,0.0,-3.3392701059256855,2.8812941043467553,5.805486108032849,0.10170598090612933,0.11428203345861702,0.0,473.41957700930345,472.8107087143126,472.45053071680667,474.0539967316372
3.960000000000003,-4.113430295985321,2.831289706167484,23.48217060354684,0.2110757605653033,0.20568782494611426,0.0,-3.452653285463884,2.9860893756545503,5.733549978594979,0.08898541666456267,0.10703598747610223,0.0,432.7307458929327,432.1316771702277,433.6509829412594,432.58926966010415
4.020000000000002,-4.324373095813916,3.0139433916050873,23.82530690380664,0.21649877489667357,0.21181567465884132,0.0,-3.579317565508093,3.102670621661013,5.70386288935006,0.09304090380208777,0.08987583939537001,0.0,447.664675534331,446.2746510862605,447.4936506027487,447.83050153754164
4.080000000000001,-4.5428722131944355,3.2035059854697017,24.16589723568805,0.22193380157022702,0.21770326003367035,0.0,-3.704494196423646,3.2164025979094015,5.648832432007994,0.0851550486629279,0.11092466863988622,0.0,438.8835466811263,440.63572524755347,440.4188829508792,439.7729323173835
4.14,-4.768622343212095,3.399587089451243,24.501503244349394,0.2271275624346094,0.22437124307506107,0.0,-3.821110750631113,3.319941972298042,5.538029154443641,0.0892372260535454,0.11154622233840276,0.0,421.43694907470973,421.5023573770637,421.504045223168,421.86340381651684
4.199999999999998,-5.001811746049112,3.6022582611079264,24.831814733359582,0.23226153747441813,0.23163880582298635,0.0,-3.952479566747368,3.436034286464455,5.472017777357042,0.07697716965319823,0.13549187458688772,0.0,436.5250890156356,438.53239453894537,437.149226824917,436.1322630901152
4.259999999999997,-5.2427736735873225,3.811710521129733,25.157111459109164,0.23681983523115502,0.23973154833197174,0.0,-4.080280905874085,3.5459308045080022,5.371049850035973,0.07388191855751272,0.13362573863957214,0.0,425.3085907910975,425.1663705639895,426.6388989584363,426.37927886676215
4.319999999999996,-5.491388845685281,4.027651039630151,25.475702928416066,0.24097254172392812,0.2475287943080522,0.0,-4.2075853907922145,3.652294987184451,5.248629039519595,0.05769312702507975,0.12136727338895531,0.0,419.51835284111735,418.46880105244253,419.09944040182086,417.69347084127924
4.379999999999995,-5.747951914689964,4.250171918596466,25.787599263840672,0.24456843785000704,0.2544355592759402,0.0,-4.345159962396446,3.765190395641342,5.147758425878838,0.0640680147675575,0.09811078990029347,0.0,427.26895163021476,425.2932113927047,426.20260715669133,426.7499484019968
4.439999999999993,-6.013156268021187,4.47973742233778,26.094387262677436,0.24866033490197292,0.2605892531696892,0.0,-4.495537908500178,3.887114079588509,5.078147797100301,0.07538725091000831,0.11023211795487314,0.0,437.6584994838035,438.67568933915175,436.5101709990612,437.4575416171209
4.499999999999992,-6.288139379767681,4.717235804725436,26.399239326549008,0.2532990699722326,0.2669331198347713,0.0,-4.671097407777467,4.029578777127843,5.082680724952267,0.08090624670679825,0.09473693676713558,0.0,463.9506835704007,462.7413688175956,462.7949131768218,463.23368487312877
4.559999999999991,-6.574226698916246,4.963728921462294,26.70583217182368,0.2582893631299381,0.27239839524507126,0.0,-4.865555784966827,4.186911817581197,5.135834826969097,0.08735306420611633,0.08256000690222233,0.0,480.8579850061143,479.94066321885873,480.62849494671934,481.12200995381374
4.6199999999999894,-6.871921354629915,5.2195490054298315,27.01488608461601,0.26420095168897184,0.27714790222317465,0.0,-5.05795934198163,4.340550229273426,5.164827608701033,0.11465006028809997,0.07130406446774108,0.0,476.00723356234647,475.1493967045419,474.663508775891,476.7615750888787
4.679999999999988,-7.180553712664228,5.484001265421294,27.323163740329996,0.2711874932913876,0.28166704228720896,0.0,-5.2301968528878895,4.4748157132057065,5.1104512589888085,0.11980249279756874,0.0823313208897276,0.0,449.34349737064696,450.2411447269958,451.77981806788983,452.20704965387466
4.739999999999987,-7.499257708878455,5.756244545011895,27.626887496534234,0.27823707555197785,0.28677270592519566,0.0,-5.393769569132587,4.60027149381328,5.01325715993454,0.1124252895185453,0.0901125344066372,0.0,437.30308818699075,437.9570081996397,438.20397652091805,437.60269764742975
4.799999999999986,-7.827925040397744,6.0361164909815335,27.924841280896274,0.2849533149824026,0.2921609050954501,0.0,-5.562330562520267,4.729047606135144,4.918066849228251,0.11094400101843499,0.08917805329062366,0.0,439.7529547980769,439.682348675923,439.2706526931911,439.1590386827614
4.859999999999984,-8.167436432064267,6.324348825609514,28.21897273155375,0.29116280742439926,0.29757941498154494,0.0,-5.755162179295493,4.878847450570723,4.885375957724202,0.08125941397631174,0.0924771308393164,0.0,461.7922107073444,462.05892591390716,462.866960520209,460.53274974241776
4.919999999999983,-8.518136095488613,6.621143808720104,28.50948257706536,0.29572078086975484,0.30286084047549533,0.0,-5.9353556098968285,5.014367829988673,4.797763786395166,0.062433633067046884,0.07717191985309359,0.0,445.9257095326027,444.6796513763457,445.97776147110676,444.4414028874943
4.979999999999982,-8.880929054606648,6.927170948910885,28.798227357594257,0.299802669481692,0.30773155061726065,0.0,-6.158072173404845,5.186335528806996,4.825752809334025,0.0773644413165446,0.08817771692309126,0.0,483.2458489444894,484.0796661214193,485.1891587216127,486.3121255596191
5.0399999999999805,-9.256689708305952,7.24304740760853,29.086988940887554,0.3046554215232353,0.31300943910527934,0.0,-6.3677146442547,5.342797375173048,4.798602074261383,0.08711277080420811,0.08753585132150508,0.0,469.01960460115885,468.97571322164555,470.14061965030714,470.9003844605452
